  ********** ENTERING get_phi_zeta_x *************
  CONSTR=\sum_R,tau,taup phi_ij * R_ij (eV/Ang) = 0   1.5738799152842375E-013   1.2682412325187853E-009   1.2666558765403457E-009  -1.2668275456428901E-009  -1.7252865802674933E-013   1.3815346436296672E-012  -1.2666249707068977E-009  -6.6640269691387033E-014   1.4077627952246985E-013
  CONSTR=\sum_R,tau,taup phi_ij * R_ij (eV/Ang) = 0   2.4114044094858400E-013  -1.2656714157635585E-009  -2.7273756170176355E-013   1.2668434088217162E-009  -4.7170600758761339E-014   1.2659461248384907E-009  -1.5659609026164034E-013  -1.2668183715577874E-009   4.9737991503207013E-014
  CONSTR=\sum_R,tau,taup phi_ij * R_ij (eV/Ang) = 0  -6.0063065632220969E-014  -2.9832993714284939E-013  -1.2667772950405998E-009  -3.4417781125117841E-014  -9.3480778673438181E-014  -1.2667713978481432E-009   1.2672186633366778E-009   1.2670248739077294E-009  -3.6345926268666062E-014
  Symmetrized xi (Ang)   -0.0000000000000000       -0.0000000000000000       -0.0000000000000000       -0.0000000000000000       -0.0000000000000000       -0.0000000000000000       -0.0000000000000000       -0.0000000000000000       -0.0000000000000000     
  Symmetrized xi (Ang)   -0.0000000000000000       -0.0000000000000000       -0.0000000000000000       -0.0000000000000000       -0.0000000000000000       -0.0000000000000000       -0.0000000000000000       -0.0000000000000000       -0.0000000000000000     
  Symmetrized xi (Ang)   -0.0000000000000000       -0.0000000000000000       -0.0000000000000000       -0.0000000000000000       -0.0000000000000000       -0.0000000000000000       -0.0000000000000000       -0.0000000000000000       -0.0000000000000000     
  Symmetrized xi (Ang)    1.1036228197346261E-007   5.5262507928616171E-008   5.5262459355759469E-008   5.5262507928616171E-008  -1.3817445587596938E-011 -0.81462029382912093        5.5262459355759469E-008 -0.81462029382912093       -1.3690352522972247E-011
  Symmetrized xi (Ang)   -1.3922741129377663E-011   5.5262469024191654E-008 -0.81462029382899936        5.5262469024191654E-008   1.1036240127437437E-007   5.5262583511978536E-008 -0.81462029382899936        5.5262583511978536E-008  -1.3769091067903311E-011
  Symmetrized xi (Ang)   -1.3676196449682681E-011 -0.81462029382884116        5.5262478602595050E-008 -0.81462029382884116       -1.3661589364418436E-011   5.5262464686585761E-008   5.5262478602595050E-008   5.5262464686585761E-008   1.1036205820851359E-007
  Elastic Tensor (standard term; old formula) in GPa, in voigt    119.62098159206811        68.309324660775061        68.309324660775260       -4.1995609724925747E-009  -1.1135536307846631E-008  -1.1140478397568959E-008   68.309324660774536        119.62098159207677        68.309324660774692       -1.1133597365521039E-008  -4.1975481130874164E-009  -1.6783054229039776E-008   68.309324660777946        68.309324660772205        119.62098159207248       -1.6789272900922745E-008  -1.6786085761934230E-008  -4.1956855748605682E-009  -6.0315135027147417E-009  -1.1186875689271409E-008  -1.6789270987831071E-008   80.270292908232747       -1.9099186204910119E-008  -6.0250567465728990E-009  -1.1187971484268826E-008  -6.0250567465728990E-009  -1.6786085379315892E-008  -1.9099186204910119E-008   80.270292908233969       -5.3905086061988348E-010  -1.1189764481613311E-008  -1.6783054994276446E-008  -6.0268878144417031E-009  -4.1975465826140763E-009  -5.3475410454660300E-010   80.270292908244926     
6449682681E-011 -0.81462029382884116        5.5262478602595050E-008 -0.81462029382884116       -1.3661589364418436E-011   5.5262464686585761E-008   5.5262478602595050E-008   5.5262464686585761E-008   1.1036205820851359E-007
  Elastic Tensor (standard term; old formula) in GPa, in voigt    119.62098159206811        68.309324660775061        68.309324660775260       -4.1995609724925747E-009  -1.1135536307846631E-008  -1.1140478397568959E-008   68.309324660774536        119.62098159207677        68.309324660774692       -1.1133597365521039E-008  -4.1975481130874164E-009  -1.6783054229039776E-008   68.309324660777946        68.309324660772205        119.62098159207248       -1.6789272900922745E-008  -1.6786085761934230E-008  -4.1956855748605682E-009  -6.0315135027147417E-009  -1.1186875689271409E-008  -1.6789270987831071E-008   80.270292908232747       -1.9099186204910119E-008  -6.0250567465728990E-009  -1.1187971484268826E-008  -6.0250567465728990E-009  -1.6786085379315892E-008  -1.9099186204910119E-008   80.270292908233969       -5.3905086061988348E-010  -1.1189764481613311E-008  -1.6783054994276446E-008  -6.0268878144417031E-009  -4.1975465826140763E-009  -5.3475410454660300E-010   80.270292908244926     
